%YAML:1.0
---
distortion: !!opencv-matrix
   rows: 1
   cols: 5
   dt: d
   data: [ -5.3990994204645593e-01, 5.7013521901902289e+00,
       -2.1760336620988155e-02, -8.7120714742561292e-03,
       -1.7415566956018747e+01 ]
intrinsic: !!opencv-matrix
   rows: 3
   cols: 3
   dt: d
   data: [ 6.4983921092224500e+02, 0., 3.0853097620303129e+02, 0.,
       6.6221687128252768e+02, 2.2369759463644223e+02, 0., 0., 1. ]
